  0.0000000  0.0000000  0.0000000  0.0000000  0.0000000  0.0000000  0.0000000  0.0000000  0.0000000  0.0000000  0.0000000  0.0000000  0.0000000  0.0000000  0.0000000  0.0000000  0.0000000
  0.0000000  0.0067099  0.0134208  0.0201429  0.0269064  0.0337711  0.0408367  0.0482524  0.0562280  0.0650445  0.0750658  0.0867522  0.1006745  0.1175318  0.1381719  0.1636163  0.1950903
  0.0000000  0.0134208  0.0268334  0.0402487  0.0537168  0.0673473  0.0813294  0.0959513  0.1116214  0.1288901  0.1484722  0.1712732  0.1984177  0.2312835  0.2715414  0.3212035  0.3826835
  0.0000000  0.0201429  0.0402487  0.0603085  0.0803729  0.1005814  0.1211923  0.1426121  0.1654265  0.1904317  0.2186683  0.2514581  0.2904459  0.3376478  0.3955092  0.4669740  0.5555702
  0.0000000  0.0269064  0.0537168  0.0803729  0.1068960  0.1334256  0.1602594  0.1878918  0.2170540  0.2487545  0.2843226  0.3254548  0.3742677  0.4333585  0.5058774  0.5956143  0.7071068
  0.0000000  0.0337711  0.0673473  0.1005814  0.1334256  0.1659806  0.1985438  0.2316580  0.2661590  0.3032247  0.3444263  0.3917826  0.4478211  0.5156482  0.5990317  0.7025008  0.8314697
  0.0000000  0.0408367  0.0813294  0.1211923  0.1602594  0.1985438  0.2362949  0.2740554  0.3127170  0.3535759  0.3983905  0.4494411  0.5095964  0.5823892  0.6721050  0.7838889  0.9238795
  0.0000000  0.0482524  0.0959513  0.1426121  0.1878918  0.2316580  0.2740554  0.3155711  0.3570965  0.3999894  0.4461349  0.4980086  0.5587454  0.6322156  0.7231148  0.8370721  0.9807853
  0.0000000  0.0562280  0.1116214  0.1654265  0.2170540  0.2661590  0.3127170  0.3570965  0.4001278  0.4431686  0.4881673  0.5377273  0.5951725  0.6646214  0.7510713  0.8605014  1.0000000
  0.0000000  0.0650445  0.1288901  0.1904317  0.2487545  0.3032248  0.3535760  0.3999895  0.4431686  0.4844075  0.5256547  0.5695745  0.6196071  0.6800342  0.7560527  0.8538637  0.9807853
  0.0000000  0.0750658  0.1484722  0.2186683  0.2843226  0.3444264  0.3983905  0.4461349  0.4881673  0.5256548  0.5604849  0.5953218  0.6336576  0.6798633  0.7392461  0.8181171  0.9238795
  0.0000000  0.0867522  0.1712732  0.2514581  0.3254549  0.3917826  0.4494411  0.4980087  0.5377273  0.5695745  0.5953218  0.6175822  0.6398476  0.6665223  0.7029553  0.7554804  0.8314695
  0.0000000  0.1006745  0.1984178  0.2904459  0.3742678  0.4478211  0.5095965  0.5587455  0.5951725  0.6196071  0.6336576  0.6398476  0.6416365  0.6434286  0.6505759  0.6693809  0.7071068
  0.0000000  0.1175318  0.2312836  0.3376479  0.4333586  0.5156482  0.5823893  0.6322156  0.6646214  0.6800342  0.6798634  0.6665223  0.6434286  0.6149843  0.5865417  0.5643614  0.5555702
  0.0000000  0.1381719  0.2715414  0.3955093  0.5058774  0.5990317  0.6721050  0.7231147  0.7510713  0.7560527  0.7392461  0.7029553  0.6505760  0.5865418  0.5162473  0.4459534  0.3826833
  0.0000000  0.1636163  0.3212035  0.4669740  0.5956144  0.7025008  0.7838889  0.8370722  0.8605014  0.8538638  0.8181171  0.7554804  0.6693809  0.5643615  0.4459534  0.3205218  0.1950903
  0.0000000  0.1950903  0.3826835  0.5555702  0.7071068  0.8314697  0.9238795  0.9807853  1.0000000  0.9807853  0.9238795  0.8314695  0.7071068  0.5555702  0.3826833  0.1950903  0.0000000
