  0.0000334  0.0000670  0.0001002  0.0001326  0.0001637  0.0001928  0.0002190  0.0002414  0.0002586  0.0002690  0.0002704  0.0002600  0.0002337  0.0001866  0.0001117
  0.0000670  0.0001341  0.0002005  0.0002652  0.0003270  0.0003846  0.0004364  0.0004803  0.0005140  0.0005340  0.0005361  0.0005147  0.0004622  0.0003685  0.0002204
  0.0001002  0.0002005  0.0002995  0.0003956  0.0004872  0.0005722  0.0006481  0.0007122  0.0007607  0.0007889  0.0007905  0.0007576  0.0006790  0.0005405  0.0003227
  0.0001326  0.0002652  0.0003956  0.0005219  0.0006416  0.0007521  0.0008502  0.0009321  0.0009932  0.0010276  0.0010273  0.0009822  0.0008783  0.0006976  0.0004157
  0.0001637  0.0003270  0.0004872  0.0006416  0.0007872  0.0009207  0.0010381  0.0011352  0.0012062  0.0012443  0.0012403  0.0011824  0.0010543  0.0008352  0.0004963
  0.0001928  0.0003846  0.0005722  0.0007521  0.0009207  0.0010740  0.0012076  0.0013164  0.0013942  0.0014333  0.0014237  0.0013525  0.0012019  0.0009489  0.0005621
  0.0002190  0.0004364  0.0006481  0.0008502  0.0010381  0.0012076  0.0013535  0.0014702  0.0015513  0.0015886  0.0015717  0.0014870  0.0013161  0.0010350  0.0006108
  0.0002414  0.0004803  0.0007122  0.0009322  0.0011352  0.0013164  0.0014702  0.0015910  0.0016719  0.0017045  0.0016787  0.0015808  0.0013927  0.0010902  0.0006406
  0.0002586  0.0005140  0.0007607  0.0009933  0.0012063  0.0013942  0.0015514  0.0016719  0.0017489  0.0017745  0.0017388  0.0016290  0.0014277  0.0011117  0.0006499
  0.0002690  0.0005340  0.0007889  0.0010276  0.0012444  0.0014333  0.0015886  0.0017045  0.0017746  0.0017913  0.0017456  0.0016260  0.0014167  0.0010966  0.0006374
  0.0002705  0.0005361  0.0007906  0.0010274  0.0012403  0.0014237  0.0015717  0.0016787  0.0017388  0.0017456  0.0016911  0.0015655  0.0013552  0.0010422  0.0006018
  0.0002600  0.0005147  0.0007577  0.0009823  0.0011824  0.0013525  0.0014870  0.0015808  0.0016290  0.0016260  0.0015655  0.0014395  0.0012374  0.0009448  0.0005416
  0.0002337  0.0004622  0.0006791  0.0008784  0.0010544  0.0012020  0.0013161  0.0013927  0.0014276  0.0014167  0.0013552  0.0012374  0.0010558  0.0008000  0.0004548
  0.0001866  0.0003685  0.0005406  0.0006977  0.0008352  0.0009489  0.0010349  0.0010902  0.0011117  0.0010967  0.0010422  0.0009449  0.0008000  0.0006011  0.0003389
  0.0001117  0.0002204  0.0003227  0.0004157  0.0004963  0.0005621  0.0006108  0.0006406  0.0006499  0.0006375  0.0006018  0.0005416  0.0004549  0.0003389  0.0001892
