  0.0000000  0.0000000  0.0000000  0.0000000  0.0000000  0.0000000  0.0000000  0.0000000  0.0000000  0.0000000  0.0000000  0.0000000  0.0000000  0.0000000  0.0000000  0.0000000  0.0000000  0.0000000  0.0000000  0.0000000  0.0000000  0.0000000  0.0000000  0.0000000  0.0000000  0.0000000  0.0000000  0.0000000  0.0000000  0.0000000  0.0000000  0.0000000  0.0000000
  0.0000000  0.0016607  0.0033215  0.0049829  0.0066453  0.0083098  0.0099779  0.0116522  0.0133360  0.0150336  0.0167508  0.0184945  0.0202733  0.0220976  0.0239796  0.0259335  0.0279756  0.0301251  0.0324031  0.0348342  0.0374454  0.0402673  0.0433338  0.0466827  0.0503557  0.0543988  0.0588628  0.0638034  0.0692818  0.0753653  0.0821273  0.0896486  0.0980171
  0.0000000  0.0033215  0.0066433  0.0099658  0.0132899  0.0166174  0.0199517  0.0232972  0.0266605  0.0300503  0.0334777  0.0369567  0.0405042  0.0441407  0.0478904  0.0517817  0.0558472  0.0601245  0.0646564  0.0694910  0.0746828  0.0802925  0.0863877  0.0930436  0.1003433  0.1083786  0.1172505  0.1270702  0.1379596  0.1500527  0.1634960  0.1784499  0.1950903
  0.0000000  0.0049829  0.0099658  0.0149489  0.0199332  0.0249212  0.0299172  0.0349279  0.0399624  0.0450336  0.0501576  0.0553550  0.0606509  0.0660755  0.0716648  0.0774608  0.0835121  0.0898745  0.0966117  0.1037956  0.1115070  0.1198365  0.1288850  0.1387644  0.1495987  0.1615246  0.1746929  0.1892693  0.2054355  0.2233911  0.2433546  0.2655652  0.2902847
  0.0000000  0.0066453  0.0132899  0.0199332  0.0265760  0.0332208  0.0398726  0.0465395  0.0532332  0.0599698  0.0667704  0.0736614  0.0806756  0.0878527  0.0952396  0.1028917  0.1108728  0.1192567  0.1281271  0.1375791  0.1477194  0.1586675  0.1705569  0.1835355  0.1977670  0.2134324  0.2307309  0.2498814  0.2711244  0.2947234  0.3209673  0.3501720  0.3826835
  0.0000000  0.0083098  0.0166174  0.0249212  0.0332208  0.0415182  0.0498185  0.0581305  0.0664679  0.0748495  0.0833005  0.0918528  0.1005461  0.1094288  0.1185583  0.1280024  0.1378398  0.1481611  0.1590697  0.1706826  0.1831318  0.1965649  0.2111466  0.2270599  0.2445073  0.2637123  0.2849211  0.3084047  0.3344600  0.3634129  0.3956202  0.4314724  0.4713967
  0.0000000  0.0099779  0.0199517  0.0299172  0.0398726  0.0498185  0.0597592  0.0697037  0.0796666  0.0896688  0.0997387  0.1099130  0.1202376  0.1307685  0.1415730  0.1527306  0.1643336  0.1764888  0.1893182  0.2029599  0.2175698  0.2333226  0.2504132  0.2690580  0.2894968  0.3119943  0.3368421  0.3643606  0.3949016  0.4288506  0.4666298  0.5087013  0.5555702
  0.0000000  0.0116522  0.0232972  0.0349278  0.0465395  0.0581305  0.0697037  0.0812671  0.0928354  0.1044306  0.1160835  0.1278343  0.1397344  0.1518467  0.1642471  0.1770256  0.1902875  0.2041546  0.2187661  0.2342803  0.2508758  0.2687529  0.2881351  0.3092709  0.3324357  0.3579332  0.3860983  0.4172990  0.4519390  0.4904608  0.5333489  0.5811333  0.6343933
  0.0000000  0.0133360  0.0266605  0.0399624  0.0532332  0.0664679  0.0796666  0.0928354  0.1059879  0.1191462  0.1323424  0.1456193  0.1590324  0.1726503  0.1865567  0.2008511  0.2156502  0.2310895  0.2473246  0.2645324  0.2829126  0.3026896  0.3241142  0.3474649  0.3730507  0.4012125  0.4323258  0.4668037  0.5050989  0.5477080  0.5951738  0.6480904  0.7071068
  0.0000000  0.0150336  0.0300503  0.0450336  0.0599698  0.0748495  0.0896688  0.1044306  0.1191462  0.1338366  0.1485338  0.1632822  0.1781400  0.1931806  0.2084936  0.2241870  0.2403877  0.2572437  0.2749251  0.2936260  0.3135660  0.3349917  0.3581790  0.3834349  0.4110996  0.4415488  0.4751964  0.5124972  0.5539501  0.6001018  0.6515499  0.7089481  0.7730104
  0.0000000  0.0167508  0.0334777  0.0501576  0.0667704  0.0833005  0.0997387  0.1160835  0.1323424  0.1485338  0.1646885  0.1808509  0.1970807  0.2134543  0.2300666  0.2470320  0.2644864  0.2825886  0.3015219  0.3214959  0.3427481  0.3655457  0.3901880  0.4170078  0.4463746  0.4786960  0.5144217  0.5540451  0.5981079  0.6472028  0.7019783  0.7631428  0.8314697
  0.0000000  0.0184945  0.0369566  0.0553550  0.0736614  0.0918528  0.1099130  0.1278343  0.1456193  0.1632822  0.1808509  0.1983683  0.2158942  0.2335066  0.2513038  0.2694054  0.2879546  0.3071195  0.3270948  0.3481038  0.3704002  0.3942698  0.4200329  0.4480464  0.4787060  0.5124492  0.5497577  0.5911609  0.6372391  0.6886275  0.7460203  0.8101758  0.8819213
  0.0000000  0.0202733  0.0405042  0.0606509  0.0806756  0.1005461  0.1202375  0.1397344  0.1590324  0.1781400  0.1970807  0.2158942  0.2346387  0.2533922  0.2722547  0.2913496  0.3108255  0.3308579  0.3516515  0.3734413  0.3964953  0.4211157  0.4476418  0.4764519  0.5079658  0.5426475  0.5810081  0.6236091  0.6710659  0.7240517  0.7833021  0.8496195  0.9238795
  0.0000000  0.0220976  0.0441407  0.0660755  0.0878527  0.1094288  0.1307685  0.1518467  0.1726504  0.1931806  0.2134543  0.2335066  0.2533922  0.2731875  0.2929923  0.3129319  0.3331586  0.3538539  0.3752301  0.3975324  0.4210407  0.4460717  0.4729815  0.5021672  0.5340700  0.5691776  0.6080273  0.6512092  0.6993697  0.7532158  0.8135193  0.8811218  0.9569404
  0.0000000  0.0239796  0.0478904  0.0716648  0.0952396  0.1185583  0.1415730  0.1642470  0.1865567  0.2084936  0.2300666  0.2513038  0.2722547  0.2929923  0.3136144  0.3342464  0.3550425  0.3761881  0.3979014  0.4204355  0.4440804  0.4691653  0.4960603  0.5251793  0.5569819  0.5919768  0.6307239  0.6738385  0.7219942  0.7759271  0.8364402  0.9044087  0.9807853
  0.0000000  0.0259335  0.0517817  0.0774608  0.1028917  0.1280024  0.1527305  0.1770256  0.2008510  0.2241870  0.2470320  0.2694054  0.2913496  0.3129318  0.3342464  0.3554166  0.3765967  0.3979740  0.4197707  0.4422460  0.4656978  0.4904653  0.5169307  0.5455219  0.5767144  0.6110348  0.6490626  0.6914347  0.7388477  0.7920625  0.8519084  0.9192886  0.9951847
  0.0000000  0.0279757  0.0558472  0.0835121  0.1108728  0.1378398  0.1643336  0.1902875  0.2156502  0.2403877  0.2644863  0.2879546  0.3108255  0.3331586  0.3550425  0.3765967  0.3979734  0.4193600  0.4409806  0.4630983  0.4860171  0.5100839  0.5356908  0.5632771  0.5933319  0.6263964  0.6630670  0.7039981  0.7499058  0.8015712  0.8598453  0.9256533  1.0000000
  0.0000000  0.0301251  0.0601245  0.0898745  0.1192567  0.1481611  0.1764888  0.2041546  0.2310895  0.2572437  0.2825886  0.3071195  0.3308579  0.3538539  0.3761881  0.3979740  0.4193600  0.4405314  0.4617123  0.4831678  0.5052058  0.5281789  0.5524869  0.5785781  0.6069524  0.6381632  0.6728204  0.7115930  0.7552123  0.8044759  0.8602511  0.9234800  0.9951847
  0.0000000  0.0324031  0.0646564  0.0966117  0.1281272  0.1590697  0.1893182  0.2187661  0.2473246  0.2749251  0.3015219  0.3270948  0.3516515  0.3752301  0.3979014  0.4197708  0.4409806  0.4617123  0.4821880  0.5026729  0.5234765  0.5449556  0.5675148  0.5916098  0.6177487  0.6464947  0.6784680  0.7143489  0.7548808  0.8008732  0.8532056  0.9128320  0.9807853
  0.0000000  0.0348342  0.0694910  0.1037956  0.1375791  0.1706826  0.2029599  0.2342803  0.2645324  0.2936260  0.3214959  0.3481038  0.3734413  0.3975324  0.4204355  0.4422460  0.4630983  0.4831678  0.5026728  0.5218766  0.5410888  0.5606678  0.5810217  0.6026112  0.6259505  0.6516097  0.6802171  0.7124616  0.7490948  0.7909348  0.8388689  0.8938579  0.9569403
  0.0000000  0.0374454  0.0746828  0.1115070  0.1477194  0.1831318  0.2175698  0.2508758  0.2829126  0.3135660  0.3427481  0.3704002  0.3964953  0.4210407  0.4440805  0.4656978  0.4860171  0.5052058  0.5234765  0.5410888  0.5583506  0.5756202  0.5933075  0.6118759  0.6318439  0.6537868  0.6783383  0.7061929  0.7381080  0.7749065  0.8174798  0.8667911  0.9238795
  0.0000000  0.0402673  0.0802925  0.1198365  0.1586676  0.1965649  0.2333226  0.2687529  0.3026897  0.3349917  0.3655457  0.3942698  0.4211157  0.4460717  0.4691653  0.4904653  0.5100839  0.5281790  0.5449556  0.5606678  0.5756202  0.5901694  0.6047257  0.6197535  0.6357740  0.6533654  0.6731650  0.6958709  0.7222434  0.7531074  0.7893550  0.8319479  0.8819212
  0.0000000  0.0433338  0.0863877  0.1288850  0.1705569  0.2111467  0.2504132  0.2881351  0.3241142  0.3581790  0.3901880  0.4200329  0.4476418  0.4729815  0.4960604  0.5169307  0.5356908  0.5524869  0.5675148  0.5810217  0.5933075  0.6047257  0.6156850  0.6266504  0.6381437  0.6507450  0.6650935  0.6818888  0.7018924  0.7259285  0.7548871  0.7897251  0.8314695
  0.0000000  0.0466827  0.0930436  0.1387644  0.1835355  0.2270599  0.2690580  0.3092710  0.3474650  0.3834350  0.4170079  0.4480464  0.4764519  0.5021672  0.5251793  0.5455219  0.5632771  0.5785781  0.5916098  0.6026112  0.6118760  0.6197535  0.6266504  0.6330304  0.6394154  0.6463862  0.6545827  0.6647049  0.6775135  0.6938307  0.7145419  0.7405965  0.7730105
  0.0000000  0.0503557  0.1003433  0.1495987  0.1977670  0.2445073  0.2894968  0.3324357  0.3730507  0.4110996  0.4463746  0.4787061  0.5079658  0.5340700  0.5569819  0.5767144  0.5933319  0.6069524  0.6177488  0.6259505  0.6318440  0.6357740  0.6381437  0.6394154  0.6401105  0.6408097  0.6421531  0.6448402  0.6496303  0.6573422  0.6688551  0.6851093  0.7071068
  0.0000000  0.0543988  0.1083785  0.1615246  0.2134324  0.2637123  0.3119943  0.3579333  0.4012125  0.4415488  0.4786961  0.5124493  0.5426475  0.5691776  0.5919767  0.6110348  0.6263964  0.6381632  0.6464947  0.6516097  0.6537868  0.6533653  0.6507450  0.6463862  0.6408097  0.6345962  0.6283860  0.6228778  0.6188294  0.6170555  0.6184288  0.6238791  0.6343933
  0.0000000  0.0588628  0.1172505  0.1746929  0.2307309  0.2849212  0.3368421  0.3860984  0.4323259  0.4751964  0.5144217  0.5497578  0.5810081  0.6080273  0.6307238  0.6490626  0.6630670  0.6728204  0.6784681  0.6802172  0.6783383  0.6731650  0.6650935  0.6545827  0.6421531  0.6283860  0.6139221  0.5994605  0.5857574  0.5736243  0.5639272  0.5575853  0.5555702
  0.0000000  0.0638034  0.1270701  0.1892693  0.2498814  0.3084047  0.3643606  0.4172990  0.4668037  0.5124972  0.5540452  0.5911610  0.6236091  0.6512092  0.6738385  0.6914347  0.7039981  0.7115930  0.7143490  0.7124617  0.7061930  0.6958709  0.6818888  0.6647049  0.6448402  0.6228779  0.5994605  0.5752886  0.5511183  0.5277591  0.5060716  0.4869652  0.4713966
  0.0000000  0.0692818  0.1379596  0.2054355  0.2711244  0.3344600  0.3949015  0.4519390  0.5050991  0.5539503  0.5981080  0.6372392  0.6710659  0.6993697  0.7219942  0.7388477  0.7499058  0.7552123  0.7548809  0.7490950  0.7381080  0.7222434  0.7018923  0.6775134  0.6496303  0.6188294  0.5857574  0.5511183  0.5156707  0.4802240  0.4456358  0.4128078  0.3826833
  0.0000000  0.0753653  0.1500527  0.2233911  0.2947234  0.3634129  0.4288506  0.4904608  0.5477080  0.6001018  0.6472029  0.6886275  0.7240517  0.7532158  0.7759270  0.7920625  0.8015712  0.8044758  0.8008733  0.7909349  0.7749065  0.7531074  0.7259285  0.6938307  0.6573421  0.6170555  0.5736243  0.5277591  0.4802240  0.4318320  0.3834405  0.3359470  0.2902847
  0.0000000  0.0821273  0.1634960  0.2433546  0.3209672  0.3956202  0.4666298  0.5333490  0.5951738  0.6515499  0.7019784  0.7460203  0.7833021  0.8135193  0.8364402  0.8519085  0.8598453  0.8602510  0.8532057  0.8388690  0.8174798  0.7893550  0.7548871  0.7145419  0.6688551  0.6184288  0.5639272  0.5060716  0.4456358  0.3834406  0.3203478  0.2572553  0.1950903
  0.0000000  0.0896486  0.1784499  0.2655652  0.3501720  0.4314725  0.5087013  0.5811333  0.6480904  0.7089481  0.7631428  0.8101758  0.8496196  0.8811218  0.9044087  0.9192885  0.9256532  0.9234800  0.9128320  0.8938580  0.8667911  0.8319479  0.7897251  0.7405965  0.6851093  0.6238791  0.5575853  0.4869652  0.4128078  0.3359470  0.2572553  0.1776362  0.0980171
  0.0000000  0.0980171  0.1950903  0.2902847  0.3826835  0.4713967  0.5555702  0.6343933  0.7071068  0.7730104  0.8314697  0.8819213  0.9238795  0.9569404  0.9807853  0.9951847  1.0000000  0.9951847  0.9807853  0.9569403  0.9238795  0.8819212  0.8314695  0.7730105  0.7071068  0.6343933  0.5555702  0.4713966  0.3826833  0.2902847  0.1950903  0.0980171  0.0000000
