  0.0000000  0.0000000  0.0000000  0.0000000  0.0000000  0.0000000  0.0000000  0.0000000  0.0000000
  0.0000000  0.0274022  0.0548081  0.0828538  0.1134456  0.1504098  0.2002026  0.2727661  0.3826835
  0.0000000  0.0548081  0.1089870  0.1631736  0.2205299  0.2880003  0.3776402  0.5081809  0.7071068
  0.0000000  0.0828538  0.1631736  0.2403402  0.3175160  0.4034335  0.5141848  0.6752130  0.9238795
  0.0000000  0.1134456  0.2205299  0.3175160  0.4057772  0.4940462  0.6004608  0.7546098  1.0000000
  0.0000000  0.1504098  0.2880003  0.4034335  0.4940462  0.5665256  0.6390097  0.7427676  0.9238795
  0.0000000  0.2002026  0.3776402  0.5141848  0.6004607  0.6390097  0.6462905  0.6535731  0.7071068
  0.0000000  0.2727661  0.5081809  0.6752130  0.7546098  0.7427676  0.6535731  0.5181282  0.3826833
  0.0000000  0.3826835  0.7071068  0.9238795  1.0000000  0.9238795  0.7071068  0.3826833  0.0000000
