  0.0000004  0.0000008  0.0000012  0.0000017  0.0000021  0.0000025  0.0000030  0.0000035  0.0000040  0.0000046  0.0000054  0.0000062  0.0000073  0.0000085  0.0000101
  0.0000008  0.0000017  0.0000025  0.0000033  0.0000042  0.0000050  0.0000059  0.0000069  0.0000080  0.0000092  0.0000106  0.0000123  0.0000143  0.0000168  0.0000199
  0.0000012  0.0000025  0.0000037  0.0000050  0.0000062  0.0000075  0.0000088  0.0000102  0.0000117  0.0000135  0.0000155  0.0000179  0.0000209  0.0000245  0.0000289
  0.0000017  0.0000033  0.0000050  0.0000066  0.0000082  0.0000099  0.0000116  0.0000134  0.0000153  0.0000175  0.0000201  0.0000231  0.0000268  0.0000313  0.0000369
  0.0000021  0.0000042  0.0000062  0.0000082  0.0000102  0.0000122  0.0000143  0.0000164  0.0000187  0.0000213  0.0000242  0.0000277  0.0000319  0.0000370  0.0000435
  0.0000025  0.0000050  0.0000075  0.0000099  0.0000122  0.0000146  0.0000169  0.0000193  0.0000218  0.0000246  0.0000277  0.0000315  0.0000360  0.0000416  0.0000485
  0.0000030  0.0000059  0.0000088  0.0000116  0.0000143  0.0000169  0.0000195  0.0000220  0.0000247  0.0000275  0.0000307  0.0000345  0.0000391  0.0000447  0.0000518
  0.0000035  0.0000069  0.0000102  0.0000134  0.0000164  0.0000193  0.0000220  0.0000247  0.0000273  0.0000301  0.0000332  0.0000368  0.0000411  0.0000464  0.0000533
  0.0000040  0.0000080  0.0000117  0.0000153  0.0000187  0.0000218  0.0000247  0.0000273  0.0000299  0.0000324  0.0000352  0.0000383  0.0000420  0.0000468  0.0000528
  0.0000046  0.0000092  0.0000135  0.0000175  0.0000213  0.0000246  0.0000275  0.0000301  0.0000324  0.0000346  0.0000368  0.0000391  0.0000420  0.0000457  0.0000506
  0.0000054  0.0000106  0.0000155  0.0000201  0.0000242  0.0000277  0.0000307  0.0000332  0.0000352  0.0000368  0.0000381  0.0000395  0.0000412  0.0000435  0.0000468
  0.0000062  0.0000123  0.0000179  0.0000231  0.0000277  0.0000315  0.0000345  0.0000368  0.0000383  0.0000391  0.0000395  0.0000396  0.0000398  0.0000402  0.0000414
  0.0000073  0.0000143  0.0000209  0.0000268  0.0000319  0.0000360  0.0000391  0.0000411  0.0000420  0.0000420  0.0000412  0.0000398  0.0000380  0.0000363  0.0000349
  0.0000085  0.0000168  0.0000245  0.0000313  0.0000370  0.0000416  0.0000447  0.0000464  0.0000468  0.0000457  0.0000435  0.0000402  0.0000363  0.0000319  0.0000276
  0.0000101  0.0000199  0.0000289  0.0000369  0.0000435  0.0000485  0.0000518  0.0000533  0.0000528  0.0000506  0.0000468  0.0000414  0.0000349  0.0000276  0.0000198
